Timestamp,Keyword,Search Results,Category
1716596134,nortura,H1 tag not found.,illustrations
1716597030,fgfg,H1 tag not found.,illustrations
1716598361,dddddddddddddddddddddddddddddddddddd,H1 tag not found.,photos
1716598361,dddddddddddddddddddddddddddddddddddd,H1 tag not found.,illustrations
1716596120,nortura,H1 tag not found.,illustrations
1716596197,nortura,H1 tag not found.,illustrations
1716595722,b,94693,illustrations
1716595414,b,94693,illustrations
1716595362,b,94693,illustrations
1716595142,b,94693,illustrations
